,irregular_plural_subject_verb_agreement_2,left_branch_island_echo_question,expletive_it_object_raising,animate_subject_passive,transitive,regular_plural_subject_verb_agreement_2,irregular_plural_subject_verb_agreement_1,wh_questions_subject_gap,passive_2,wh_vs_that_with_gap,npi_present_1,determiner_noun_agreement_with_adj_irregular_1,principle_A_domain_1,principle_A_case_1,only_npi_scope,irregular_past_participle_verbs,passive_1,ellipsis_n_bar_1,wh_island,determiner_noun_agreement_irregular_1,distractor_agreement_relative_clause,principle_A_case_2,wh_vs_that_no_gap_long_distance,distractor_agreement_relational_noun,sentential_subject_island,wh_vs_that_with_gap_long_distance,wh_questions_object_gap,npi_present_2,drop_argument,determiner_noun_agreement_with_adjective_1,existential_there_subject_raising,wh_questions_subject_gap_long_distance,determiner_noun_agreement_with_adj_irregular_2,coordinate_structure_constraint_object_extraction,only_npi_licensor_present,existential_there_quantifiers_2,determiner_noun_agreement_1,regular_plural_subject_verb_agreement_1,wh_vs_that_no_gap,ellipsis_n_bar_2,principle_A_domain_2,adjunct_island,determiner_noun_agreement_with_adj_2,intransitive,principle_A_domain_3,animate_subject_trans,matrix_question_npi_licensor_present,complex_NP_island,existential_there_quantifiers_1,irregular_past_participle_adjectives,determiner_noun_agreement_irregular_2,principle_A_reconstruction,causative,existential_there_object_raising,superlative_quantifiers_1,determiner_noun_agreement_2,tough_vs_raising_1,anaphor_gender_agreement,coordinate_structure_constraint_complex_left_branch,principle_A_c_command,tough_vs_raising_2,inchoative,sentential_negation_npi_licensor_present,left_branch_island_simple_question,superlative_quantifiers_2,sentential_negation_npi_scope,anaphor_number_agreement
irregular_plural_subject_verb_agreement_2,6144.0,223.0,919.0,381.0,893.0,4505.0,3980.0,648.0,885.0,194.0,507.0,1095.0,330.0,697.0,539.0,1141.0,1234.0,336.0,208.0,998.0,1795.0,1123.0,728.0,2154.0,255.0,173.0,405.0,617.0,285.0,971.0,976.0,545.0,1100.0,219.0,653.0,490.0,945.0,2990.0,712.0,323.0,843.0,172.0,987.0,299.0,793.0,640.0,263.0,178.0,803.0,986.0,1020.0,360.0,953.0,929.0,311.0,966.0,383.0,611.0,332.0,802.0,698.0,427.0,541.0,253.0,450.0,593.0,1520.0
left_branch_island_echo_question,223.0,6144.0,274.0,327.0,271.0,225.0,231.0,352.0,188.0,262.0,499.0,48.0,545.0,491.0,254.0,291.0,236.0,224.0,436.0,67.0,157.0,217.0,339.0,157.0,304.0,255.0,332.0,446.0,394.0,12.0,341.0,353.0,45.0,521.0,306.0,369.0,39.0,209.0,315.0,196.0,83.0,600.0,17.0,364.0,69.0,321.0,192.0,406.0,449.0,391.0,62.0,236.0,240.0,250.0,480.0,41.0,175.0,467.0,407.0,343.0,332.0,350.0,313.0,652.0,309.0,143.0,96.0
expletive_it_object_raising,919.0,274.0,6144.0,376.0,781.0,844.0,962.0,607.0,754.0,122.0,438.0,590.0,285.0,608.0,646.0,627.0,1288.0,199.0,258.0,558.0,1023.0,680.0,999.0,941.0,322.0,117.0,447.0,530.0,155.0,531.0,1339.0,557.0,610.0,236.0,598.0,467.0,550.0,989.0,942.0,298.0,393.0,197.0,537.0,96.0,420.0,446.0,219.0,245.0,671.0,613.0,586.0,420.0,299.0,3361.0,381.0,544.0,268.0,404.0,385.0,408.0,850.0,181.0,690.0,306.0,354.0,1007.0,720.0
animate_subject_passive,381.0,327.0,376.0,6144.0,575.0,386.0,341.0,309.0,733.0,402.0,266.0,894.0,548.0,476.0,293.0,541.0,436.0,746.0,368.0,890.0,454.0,390.0,434.0,306.0,426.0,352.0,535.0,309.0,282.0,923.0,270.0,442.0,934.0,366.0,272.0,304.0,942.0,403.0,407.0,857.0,170.0,417.0,932.0,360.0,224.0,513.0,418.0,413.0,450.0,238.0,941.0,469.0,310.0,337.0,318.0,934.0,493.0,719.0,290.0,272.0,301.0,233.0,313.0,370.0,416.0,370.0,416.0
transitive,893.0,271.0,781.0,575.0,6144.0,784.0,813.0,768.0,1864.0,269.0,386.0,1069.0,314.0,428.0,323.0,621.0,1739.0,449.0,257.0,1017.0,844.0,1186.0,700.0,726.0,462.0,247.0,587.0,444.0,228.0,1067.0,673.0,645.0,1060.0,261.0,400.0,295.0,1058.0,988.0,823.0,504.0,576.0,269.0,1069.0,177.0,465.0,347.0,326.0,285.0,527.0,463.0,1014.0,452.0,1103.0,799.0,285.0,1047.0,549.0,259.0,302.0,692.0,486.0,204.0,600.0,294.0,485.0,633.0,708.0
regular_plural_subject_verb_agreement_2,4505.0,225.0,844.0,386.0,784.0,6144.0,4101.0,657.0,800.0,230.0,508.0,959.0,353.0,698.0,546.0,1097.0,1192.0,313.0,218.0,923.0,1671.0,981.0,700.0,2152.0,272.0,213.0,378.0,595.0,298.0,842.0,1011.0,585.0,957.0,242.0,664.0,512.0,840.0,3079.0,696.0,310.0,782.0,177.0,859.0,326.0,780.0,618.0,260.0,190.0,726.0,998.0,918.0,364.0,909.0,897.0,367.0,843.0,375.0,564.0,327.0,798.0,760.0,420.0,555.0,251.0,403.0,560.0,1360.0
irregular_plural_subject_verb_agreement_1,3980.0,231.0,962.0,341.0,813.0,4101.0,6144.0,709.0,784.0,225.0,473.0,964.0,354.0,771.0,628.0,1027.0,1327.0,245.0,199.0,891.0,1903.0,1160.0,718.0,2430.0,201.0,193.0,366.0,601.0,314.0,803.0,1243.0,602.0,934.0,225.0,753.0,513.0,830.0,3104.0,687.0,297.0,839.0,169.0,803.0,335.0,831.0,593.0,246.0,190.0,838.0,990.0,916.0,341.0,899.0,1014.0,414.0,828.0,352.0,574.0,346.0,706.0,747.0,418.0,657.0,261.0,412.0,679.0,1492.0
wh_questions_subject_gap,648.0,352.0,607.0,309.0,768.0,657.0,709.0,6144.0,449.0,1.0,512.0,346.0,501.0,570.0,274.0,607.0,611.0,202.0,271.0,288.0,529.0,572.0,2287.0,461.0,236.0,4.0,2179.0,575.0,156.0,344.0,489.0,3444.0,345.0,334.0,354.0,376.0,324.0,687.0,2341.0,176.0,318.0,404.0,340.0,110.0,333.0,270.0,168.0,370.0,647.0,362.0,346.0,186.0,508.0,575.0,285.0,316.0,252.0,350.0,351.0,417.0,524.0,108.0,524.0,348.0,580.0,459.0,347.0
passive_2,885.0,188.0,754.0,733.0,1864.0,800.0,784.0,449.0,6144.0,440.0,295.0,1462.0,263.0,251.0,376.0,482.0,2457.0,634.0,228.0,1366.0,922.0,648.0,445.0,812.0,648.0,385.0,607.0,383.0,303.0,1486.0,408.0,426.0,1524.0,188.0,393.0,289.0,1446.0,855.0,476.0,700.0,511.0,208.0,1473.0,268.0,443.0,343.0,532.0,193.0,409.0,414.0,1445.0,833.0,605.0,681.0,269.0,1420.0,758.0,289.0,241.0,651.0,351.0,269.0,635.0,250.0,273.0,731.0,927.0
wh_vs_that_with_gap,194.0,262.0,122.0,402.0,269.0,230.0,225.0,1.0,440.0,6144.0,174.0,787.0,221.0,209.0,389.0,84.0,219.0,489.0,309.0,906.0,228.0,355.0,2.0,269.0,392.0,4476.0,42.0,134.0,945.0,859.0,208.0,9.0,756.0,265.0,382.0,430.0,893.0,214.0,0.0,926.0,356.0,275.0,856.0,1197.0,375.0,301.0,423.0,254.0,161.0,366.0,859.0,609.0,386.0,172.0,299.0,890.0,1300.0,316.0,352.0,275.0,133.0,1057.0,162.0,327.0,157.0,144.0,390.0
npi_present_1,507.0,499.0,438.0,266.0,386.0,508.0,473.0,512.0,295.0,174.0,6144.0,172.0,434.0,495.0,321.0,379.0,411.0,184.0,347.0,162.0,378.0,332.0,576.0,409.0,326.0,143.0,590.0,4789.0,250.0,120.0,529.0,514.0,172.0,420.0,335.0,351.0,155.0,440.0,580.0,120.0,221.0,413.0,122.0,244.0,236.0,310.0,142.0,426.0,493.0,433.0,182.0,292.0,461.0,401.0,489.0,149.0,207.0,325.0,324.0,382.0,495.0,309.0,352.0,353.0,400.0,365.0,218.0
determiner_noun_agreement_with_adj_irregular_1,1095.0,48.0,590.0,894.0,1069.0,959.0,964.0,346.0,1462.0,787.0,172.0,6144.0,119.0,230.0,388.0,692.0,722.0,1146.0,122.0,4159.0,1155.0,818.0,336.0,1007.0,831.0,711.0,659.0,252.0,506.0,4378.0,358.0,333.0,5228.0,82.0,373.0,350.0,4034.0,1096.0,366.0,1430.0,771.0,54.0,4393.0,776.0,641.0,400.0,775.0,64.0,358.0,343.0,4530.0,1029.0,915.0,465.0,126.0,4076.0,1110.0,342.0,276.0,459.0,343.0,708.0,499.0,227.0,291.0,755.0,1271.0
principle_A_domain_1,330.0,545.0,285.0,548.0,314.0,353.0,354.0,501.0,263.0,221.0,434.0,119.0,6144.0,1596.0,271.0,525.0,317.0,949.0,500.0,112.0,228.0,254.0,341.0,287.0,233.0,234.0,539.0,381.0,277.0,62.0,374.0,538.0,96.0,565.0,228.0,431.0,69.0,292.0,371.0,182.0,229.0,614.0,63.0,254.0,167.0,386.0,301.0,597.0,473.0,326.0,136.0,285.0,350.0,307.0,442.0,80.0,178.0,797.0,280.0,259.0,330.0,241.0,296.0,451.0,276.0,160.0,342.0
principle_A_case_1,697.0,491.0,608.0,476.0,428.0,698.0,771.0,570.0,251.0,209.0,495.0,230.0,1596.0,6144.0,340.0,633.0,689.0,336.0,366.0,225.0,431.0,755.0,599.0,531.0,142.0,211.0,420.0,477.0,305.0,123.0,749.0,542.0,185.0,494.0,453.0,282.0,164.0,752.0,561.0,198.0,306.0,428.0,130.0,274.0,333.0,573.0,133.0,377.0,861.0,634.0,253.0,223.0,539.0,710.0,462.0,176.0,213.0,556.0,346.0,286.0,626.0,314.0,415.0,365.0,338.0,335.0,469.0
only_npi_scope,539.0,254.0,646.0,293.0,323.0,546.0,628.0,274.0,376.0,389.0,321.0,388.0,271.0,340.0,6144.0,325.0,468.0,155.0,229.0,350.0,706.0,470.0,465.0,836.0,256.0,373.0,238.0,312.0,290.0,335.0,572.0,276.0,358.0,254.0,1530.0,663.0,374.0,512.0,475.0,241.0,334.0,231.0,330.0,281.0,296.0,426.0,132.0,201.0,426.0,397.0,375.0,505.0,352.0,544.0,465.0,357.0,306.0,306.0,379.0,286.0,509.0,354.0,528.0,305.0,129.0,528.0,482.0
irregular_past_participle_verbs,1141.0,291.0,627.0,541.0,621.0,1097.0,1027.0,607.0,482.0,84.0,379.0,692.0,525.0,633.0,325.0,6144.0,676.0,486.0,265.0,584.0,745.0,660.0,674.0,746.0,297.0,120.0,681.0,481.0,155.0,641.0,491.0,513.0,728.0,377.0,409.0,231.0,597.0,1360.0,747.0,303.0,340.0,350.0,643.0,133.0,435.0,541.0,287.0,282.0,686.0,138.0,650.0,493.0,573.0,624.0,367.0,595.0,299.0,863.0,336.0,261.0,463.0,132.0,525.0,355.0,561.0,493.0,772.0
passive_1,1234.0,236.0,1288.0,436.0,1739.0,1192.0,1327.0,611.0,2457.0,219.0,411.0,722.0,317.0,689.0,468.0,676.0,6144.0,225.0,256.0,646.0,1082.0,1062.0,626.0,1141.0,257.0,220.0,310.0,517.0,208.0,679.0,844.0,533.0,732.0,263.0,587.0,427.0,692.0,1274.0,608.0,271.0,518.0,237.0,669.0,111.0,473.0,492.0,231.0,290.0,655.0,758.0,661.0,417.0,616.0,1203.0,467.0,657.0,415.0,323.0,340.0,627.0,504.0,174.0,676.0,261.0,313.0,716.0,884.0
ellipsis_n_bar_1,336.0,224.0,199.0,746.0,449.0,313.0,245.0,202.0,634.0,489.0,184.0,1146.0,949.0,336.0,155.0,486.0,225.0,6144.0,343.0,1127.0,370.0,286.0,165.0,258.0,695.0,444.0,590.0,165.0,416.0,1290.0,191.0,214.0,1172.0,306.0,102.0,135.0,1176.0,326.0,209.0,1109.0,450.0,416.0,1271.0,506.0,388.0,235.0,678.0,359.0,144.0,168.0,1129.0,666.0,312.0,173.0,235.0,1188.0,520.0,628.0,211.0,378.0,235.0,370.0,206.0,317.0,206.0,270.0,488.0
wh_island,208.0,436.0,258.0,368.0,257.0,218.0,199.0,271.0,228.0,309.0,347.0,122.0,500.0,366.0,229.0,265.0,256.0,343.0,6144.0,139.0,186.0,210.0,263.0,191.0,432.0,301.0,369.0,322.0,440.0,96.0,259.0,311.0,117.0,930.0,300.0,298.0,115.0,202.0,237.0,265.0,196.0,824.0,112.0,371.0,153.0,243.0,449.0,1042.0,307.0,316.0,131.0,386.0,267.0,218.0,385.0,110.0,217.0,522.0,547.0,420.0,249.0,346.0,270.0,835.0,270.0,173.0,174.0
determiner_noun_agreement_irregular_1,998.0,67.0,558.0,890.0,1017.0,923.0,891.0,288.0,1366.0,906.0,162.0,4159.0,112.0,225.0,350.0,584.0,646.0,1127.0,139.0,6144.0,899.0,712.0,311.0,840.0,838.0,770.0,577.0,243.0,569.0,4176.0,352.0,275.0,4243.0,101.0,335.0,323.0,4539.0,940.0,337.0,1640.0,639.0,78.0,4175.0,858.0,513.0,320.0,780.0,83.0,303.0,339.0,4764.0,955.0,810.0,433.0,151.0,4560.0,1175.0,302.0,275.0,432.0,349.0,767.0,418.0,222.0,312.0,665.0,996.0
distractor_agreement_relative_clause,1795.0,157.0,1023.0,454.0,844.0,1671.0,1903.0,529.0,922.0,228.0,378.0,1155.0,228.0,431.0,706.0,745.0,1082.0,370.0,186.0,899.0,6144.0,918.0,756.0,3209.0,207.0,181.0,515.0,500.0,211.0,1036.0,1056.0,465.0,1104.0,157.0,664.0,495.0,1003.0,1531.0,699.0,353.0,825.0,122.0,1064.0,229.0,768.0,446.0,340.0,151.0,583.0,572.0,977.0,530.0,670.0,888.0,372.0,976.0,353.0,424.0,402.0,1104.0,735.0,314.0,727.0,273.0,460.0,1144.0,1443.0
principle_A_case_2,1123.0,217.0,680.0,390.0,1186.0,981.0,1160.0,572.0,648.0,355.0,332.0,818.0,254.0,755.0,470.0,660.0,1062.0,286.0,210.0,712.0,918.0,6144.0,509.0,937.0,242.0,288.0,398.0,373.0,320.0,717.0,778.0,429.0,753.0,226.0,609.0,344.0,681.0,1172.0,524.0,408.0,764.0,213.0,725.0,254.0,676.0,516.0,210.0,254.0,576.0,679.0,696.0,304.0,1072.0,732.0,386.0,666.0,491.0,471.0,349.0,573.0,405.0,375.0,458.0,302.0,360.0,451.0,1106.0
wh_vs_that_no_gap_long_distance,728.0,339.0,999.0,434.0,700.0,700.0,718.0,2287.0,445.0,2.0,576.0,336.0,341.0,599.0,465.0,674.0,626.0,165.0,263.0,311.0,756.0,509.0,6144.0,601.0,228.0,0.0,1598.0,682.0,177.0,324.0,652.0,2570.0,348.0,337.0,445.0,504.0,344.0,827.0,4651.0,230.0,321.0,332.0,331.0,161.0,379.0,354.0,185.0,313.0,583.0,439.0,366.0,260.0,341.0,919.0,326.0,327.0,209.0,368.0,419.0,417.0,770.0,189.0,676.0,298.0,623.0,737.0,403.0
distractor_agreement_relational_noun,2154.0,157.0,941.0,306.0,726.0,2152.0,2430.0,461.0,812.0,269.0,409.0,1007.0,287.0,531.0,836.0,746.0,1141.0,258.0,191.0,840.0,3209.0,937.0,601.0,6144.0,185.0,224.0,394.0,500.0,252.0,864.0,1147.0,340.0,963.0,183.0,735.0,502.0,858.0,1773.0,618.0,253.0,705.0,140.0,896.0,232.0,642.0,458.0,309.0,174.0,642.0,731.0,855.0,451.0,702.0,977.0,438.0,823.0,345.0,442.0,412.0,878.0,761.0,338.0,723.0,285.0,322.0,906.0,1331.0
sentential_subject_island,255.0,304.0,322.0,426.0,462.0,272.0,201.0,236.0,648.0,392.0,326.0,831.0,233.0,142.0,256.0,297.0,257.0,695.0,432.0,838.0,207.0,242.0,228.0,185.0,6144.0,369.0,834.0,341.0,588.0,872.0,238.0,224.0,812.0,366.0,221.0,171.0,844.0,233.0,235.0,583.0,294.0,487.0,850.0,405.0,297.0,245.0,637.0,387.0,182.0,242.0,836.0,2227.0,323.0,234.0,313.0,844.0,457.0,470.0,216.0,402.0,212.0,416.0,251.0,308.0,201.0,269.0,278.0
wh_vs_that_with_gap_long_distance,173.0,255.0,117.0,352.0,247.0,213.0,193.0,4.0,385.0,4476.0,143.0,711.0,234.0,211.0,373.0,120.0,220.0,444.0,301.0,770.0,181.0,288.0,0.0,224.0,369.0,6144.0,30.0,128.0,839.0,768.0,172.0,7.0,673.0,269.0,371.0,407.0,787.0,209.0,0.0,783.0,336.0,298.0,769.0,1019.0,344.0,296.0,396.0,245.0,124.0,352.0,733.0,534.0,345.0,149.0,283.0,771.0,1146.0,252.0,375.0,226.0,151.0,906.0,149.0,327.0,152.0,141.0,313.0
wh_questions_object_gap,405.0,332.0,447.0,535.0,587.0,378.0,366.0,2179.0,607.0,42.0,590.0,659.0,539.0,420.0,238.0,681.0,310.0,590.0,369.0,577.0,515.0,398.0,1598.0,394.0,834.0,30.0,6144.0,637.0,183.0,668.0,334.0,1866.0,655.0,307.0,189.0,316.0,597.0,436.0,1666.0,342.0,303.0,464.0,658.0,109.0,319.0,211.0,408.0,418.0,493.0,212.0,622.0,1014.0,416.0,452.0,295.0,605.0,310.0,522.0,293.0,450.0,362.0,84.0,481.0,302.0,434.0,423.0,414.0
npi_present_2,617.0,446.0,530.0,309.0,444.0,595.0,601.0,575.0,383.0,134.0,4789.0,252.0,381.0,477.0,312.0,481.0,517.0,165.0,322.0,243.0,500.0,373.0,682.0,500.0,341.0,128.0,637.0,6144.0,252.0,188.0,600.0,540.0,251.0,403.0,347.0,341.0,235.0,562.0,683.0,156.0,232.0,378.0,193.0,214.0,239.0,290.0,155.0,410.0,546.0,469.0,269.0,321.0,477.0,517.0,513.0,229.0,207.0,329.0,317.0,387.0,556.0,278.0,397.0,356.0,380.0,450.0,260.0
drop_argument,285.0,394.0,155.0,282.0,228.0,298.0,314.0,156.0,303.0,945.0,250.0,506.0,277.0,305.0,290.0,155.0,208.0,416.0,440.0,569.0,211.0,320.0,177.0,252.0,588.0,839.0,183.0,252.0,6144.0,536.0,299.0,140.0,493.0,407.0,338.0,305.0,542.0,281.0,151.0,724.0,324.0,417.0,535.0,2523.0,257.0,359.0,381.0,394.0,209.0,438.0,522.0,348.0,340.0,158.0,398.0,542.0,669.0,484.0,242.0,353.0,251.0,1624.0,226.0,370.0,201.0,203.0,285.0
determiner_noun_agreement_with_adjective_1,971.0,12.0,531.0,923.0,1067.0,842.0,803.0,344.0,1486.0,859.0,120.0,4378.0,62.0,123.0,335.0,641.0,679.0,1290.0,96.0,4176.0,1036.0,717.0,324.0,864.0,872.0,768.0,668.0,188.0,536.0,6144.0,326.0,335.0,4479.0,59.0,341.0,283.0,4932.0,894.0,374.0,1740.0,720.0,40.0,5636.0,837.0,610.0,349.0,813.0,43.0,313.0,288.0,4067.0,1037.0,815.0,419.0,101.0,4991.0,1236.0,251.0,275.0,492.0,283.0,730.0,510.0,218.0,299.0,770.0,1092.0
existential_there_subject_raising,976.0,341.0,1339.0,270.0,673.0,1011.0,1243.0,489.0,408.0,208.0,529.0,358.0,374.0,749.0,572.0,491.0,844.0,191.0,259.0,352.0,1056.0,778.0,652.0,1147.0,238.0,172.0,334.0,600.0,299.0,326.0,6144.0,529.0,346.0,286.0,520.0,236.0,345.0,940.0,617.0,180.0,457.0,242.0,331.0,277.0,409.0,403.0,154.0,253.0,892.0,803.0,391.0,328.0,383.0,1553.0,343.0,342.0,75.0,334.0,380.0,448.0,1406.0,336.0,487.0,257.0,392.0,637.0,609.0
wh_questions_subject_gap_long_distance,545.0,353.0,557.0,442.0,645.0,585.0,602.0,3444.0,426.0,9.0,514.0,333.0,538.0,542.0,276.0,513.0,533.0,214.0,311.0,275.0,465.0,429.0,2570.0,340.0,224.0,7.0,1866.0,540.0,140.0,335.0,529.0,6144.0,337.0,360.0,387.0,445.0,324.0,606.0,2379.0,203.0,282.0,391.0,336.0,105.0,301.0,242.0,175.0,358.0,567.0,343.0,324.0,211.0,466.0,520.0,268.0,314.0,271.0,344.0,353.0,346.0,464.0,94.0,482.0,306.0,632.0,416.0,292.0
determiner_noun_agreement_with_adj_irregular_2,1100.0,45.0,610.0,934.0,1060.0,957.0,934.0,345.0,1524.0,756.0,172.0,5228.0,96.0,185.0,358.0,728.0,732.0,1172.0,117.0,4243.0,1104.0,753.0,348.0,963.0,812.0,673.0,655.0,251.0,493.0,4479.0,346.0,337.0,6144.0,80.0,345.0,296.0,4186.0,1063.0,383.0,1488.0,722.0,54.0,4467.0,776.0,606.0,394.0,811.0,60.0,352.0,337.0,4779.0,1071.0,897.0,479.0,106.0,4174.0,1118.0,309.0,283.0,461.0,343.0,691.0,527.0,231.0,325.0,757.0,1209.0
coordinate_structure_constraint_object_extraction,219.0,521.0,236.0,366.0,261.0,242.0,225.0,334.0,188.0,265.0,420.0,82.0,565.0,494.0,254.0,377.0,263.0,306.0,930.0,101.0,157.0,226.0,337.0,183.0,366.0,269.0,307.0,403.0,407.0,59.0,286.0,360.0,80.0,6144.0,290.0,306.0,79.0,235.0,339.0,238.0,138.0,158.0,61.0,387.0,121.0,309.0,258.0,761.0,374.0,399.0,102.0,310.0,220.0,219.0,428.0,79.0,159.0,496.0,657.0,325.0,292.0,396.0,305.0,1669.0,302.0,167.0,113.0
only_npi_licensor_present,653.0,306.0,598.0,272.0,400.0,664.0,753.0,354.0,393.0,382.0,335.0,373.0,228.0,453.0,1530.0,409.0,587.0,102.0,300.0,335.0,664.0,609.0,445.0,735.0,221.0,371.0,189.0,347.0,338.0,341.0,520.0,387.0,345.0,290.0,6144.0,608.0,366.0,643.0,362.0,264.0,364.0,251.0,336.0,335.0,348.0,621.0,155.0,294.0,595.0,580.0,356.0,335.0,369.0,613.0,405.0,364.0,234.0,351.0,312.0,363.0,515.0,454.0,666.0,333.0,209.0,486.0,525.0
existential_there_quantifiers_2,490.0,369.0,467.0,304.0,295.0,512.0,513.0,376.0,289.0,430.0,351.0,350.0,431.0,282.0,663.0,231.0,427.0,135.0,298.0,323.0,495.0,344.0,504.0,502.0,171.0,407.0,316.0,341.0,305.0,283.0,236.0,445.0,296.0,306.0,608.0,6144.0,309.0,453.0,430.0,282.0,318.0,299.0,292.0,342.0,295.0,411.0,183.0,302.0,304.0,443.0,322.0,423.0,369.0,308.0,268.0,306.0,485.0,353.0,330.0,317.0,363.0,419.0,389.0,265.0,354.0,427.0,353.0
determiner_noun_agreement_1,945.0,39.0,550.0,942.0,1058.0,840.0,830.0,324.0,1446.0,893.0,155.0,4034.0,69.0,164.0,374.0,597.0,692.0,1176.0,115.0,4539.0,1003.0,681.0,344.0,858.0,844.0,787.0,597.0,235.0,542.0,4932.0,345.0,324.0,4186.0,79.0,366.0,309.0,6144.0,891.0,382.0,1752.0,647.0,57.0,4921.0,850.0,535.0,342.0,780.0,59.0,291.0,295.0,4368.0,1051.0,750.0,416.0,144.0,5687.0,1262.0,258.0,297.0,482.0,309.0,760.0,524.0,224.0,288.0,791.0,1037.0
regular_plural_subject_verb_agreement_1,2990.0,209.0,989.0,403.0,988.0,3079.0,3104.0,687.0,855.0,214.0,440.0,1096.0,292.0,752.0,512.0,1360.0,1274.0,326.0,202.0,940.0,1531.0,1172.0,827.0,1773.0,233.0,209.0,436.0,562.0,281.0,894.0,940.0,606.0,1063.0,235.0,643.0,453.0,891.0,6144.0,847.0,308.0,749.0,152.0,901.0,313.0,704.0,792.0,291.0,179.0,821.0,905.0,997.0,416.0,860.0,1019.0,375.0,891.0,386.0,548.0,325.0,436.0,693.0,373.0,707.0,261.0,432.0,745.0,1398.0
wh_vs_that_no_gap,712.0,315.0,942.0,407.0,823.0,696.0,687.0,2341.0,476.0,0.0,580.0,366.0,371.0,561.0,475.0,747.0,608.0,209.0,237.0,337.0,699.0,524.0,4651.0,618.0,235.0,0.0,1666.0,683.0,151.0,374.0,617.0,2379.0,383.0,339.0,362.0,430.0,382.0,847.0,6144.0,209.0,332.0,322.0,371.0,137.0,352.0,347.0,194.0,284.0,546.0,438.0,386.0,230.0,383.0,904.0,306.0,363.0,196.0,344.0,380.0,434.0,779.0,164.0,693.0,287.0,645.0,739.0,408.0
ellipsis_n_bar_2,323.0,196.0,298.0,857.0,504.0,310.0,297.0,176.0,700.0,926.0,120.0,1430.0,182.0,198.0,241.0,303.0,271.0,1109.0,265.0,1640.0,353.0,408.0,230.0,253.0,583.0,783.0,342.0,156.0,724.0,1740.0,180.0,203.0,1488.0,238.0,264.0,282.0,1752.0,308.0,209.0,6144.0,440.0,215.0,1713.0,1025.0,367.0,300.0,853.0,217.0,166.0,162.0,1537.0,552.0,455.0,233.0,198.0,1753.0,1025.0,470.0,217.0,456.0,171.0,809.0,309.0,277.0,235.0,355.0,491.0
principle_A_domain_2,843.0,83.0,393.0,170.0,576.0,782.0,839.0,318.0,511.0,356.0,221.0,771.0,229.0,306.0,334.0,340.0,518.0,450.0,196.0,639.0,825.0,764.0,321.0,705.0,294.0,336.0,303.0,232.0,324.0,720.0,457.0,282.0,722.0,138.0,364.0,318.0,647.0,749.0,332.0,440.0,6144.0,124.0,736.0,392.0,3133.0,213.0,461.0,123.0,321.0,359.0,634.0,263.0,656.0,543.0,119.0,660.0,401.0,207.0,323.0,1421.0,420.0,501.0,320.0,273.0,210.0,393.0,1570.0
adjunct_island,172.0,600.0,197.0,417.0,269.0,177.0,169.0,404.0,208.0,275.0,413.0,54.0,614.0,428.0,231.0,350.0,237.0,416.0,824.0,78.0,122.0,213.0,332.0,140.0,487.0,298.0,464.0,378.0,417.0,40.0,242.0,391.0,54.0,158.0,251.0,299.0,57.0,152.0,322.0,215.0,124.0,6144.0,43.0,399.0,74.0,278.0,307.0,1219.0,303.0,353.0,68.0,391.0,248.0,175.0,450.0,52.0,166.0,586.0,471.0,337.0,224.0,373.0,231.0,296.0,256.0,142.0,89.0
determiner_noun_agreement_with_adj_2,987.0,17.0,537.0,932.0,1069.0,859.0,803.0,340.0,1473.0,856.0,122.0,4393.0,63.0,130.0,330.0,643.0,669.0,1271.0,112.0,4175.0,1064.0,725.0,331.0,896.0,850.0,769.0,658.0,193.0,535.0,5636.0,331.0,336.0,4467.0,61.0,336.0,292.0,4921.0,901.0,371.0,1713.0,736.0,43.0,6144.0,821.0,626.0,332.0,803.0,47.0,311.0,285.0,4050.0,1010.0,812.0,428.0,109.0,5005.0,1214.0,255.0,291.0,519.0,286.0,721.0,490.0,231.0,314.0,757.0,1114.0
intransitive,299.0,364.0,96.0,360.0,177.0,326.0,335.0,110.0,268.0,1197.0,244.0,776.0,254.0,274.0,281.0,133.0,111.0,506.0,371.0,858.0,229.0,254.0,161.0,232.0,405.0,1019.0,109.0,214.0,2523.0,837.0,277.0,105.0,776.0,387.0,335.0,342.0,850.0,313.0,137.0,1025.0,392.0,399.0,821.0,6144.0,346.0,373.0,402.0,369.0,202.0,450.0,804.0,263.0,429.0,112.0,256.0,854.0,1018.0,383.0,253.0,267.0,234.0,3279.0,213.0,353.0,226.0,281.0,409.0
principle_A_domain_3,793.0,69.0,420.0,224.0,465.0,780.0,831.0,333.0,443.0,375.0,236.0,641.0,167.0,333.0,296.0,435.0,473.0,388.0,153.0,513.0,768.0,676.0,379.0,642.0,297.0,344.0,319.0,239.0,257.0,610.0,409.0,301.0,606.0,121.0,348.0,295.0,535.0,704.0,352.0,367.0,3133.0,74.0,626.0,346.0,6144.0,277.0,403.0,82.0,381.0,396.0,505.0,279.0,518.0,538.0,207.0,548.0,433.0,452.0,319.0,1149.0,352.0,403.0,330.0,241.0,263.0,458.0,1553.0
animate_subject_trans,640.0,321.0,446.0,513.0,347.0,618.0,593.0,270.0,343.0,301.0,310.0,400.0,386.0,573.0,426.0,541.0,492.0,235.0,243.0,320.0,446.0,516.0,354.0,458.0,245.0,296.0,211.0,290.0,359.0,349.0,403.0,242.0,394.0,309.0,621.0,411.0,342.0,792.0,347.0,300.0,213.0,278.0,332.0,373.0,277.0,6144.0,176.0,246.0,534.0,568.0,369.0,300.0,368.0,376.0,324.0,329.0,285.0,602.0,363.0,155.0,430.0,385.0,380.0,335.0,284.0,429.0,467.0
matrix_question_npi_licensor_present,263.0,192.0,219.0,418.0,326.0,260.0,246.0,168.0,532.0,423.0,142.0,775.0,301.0,133.0,132.0,287.0,231.0,678.0,449.0,780.0,340.0,210.0,185.0,309.0,637.0,396.0,408.0,155.0,381.0,813.0,154.0,175.0,811.0,258.0,155.0,183.0,780.0,291.0,194.0,853.0,461.0,307.0,803.0,402.0,403.0,176.0,6144.0,408.0,176.0,118.0,788.0,495.0,326.0,195.0,175.0,766.0,517.0,279.0,467.0,505.0,173.0,330.0,286.0,465.0,217.0,305.0,396.0
complex_NP_island,178.0,406.0,245.0,413.0,285.0,190.0,190.0,370.0,193.0,254.0,426.0,64.0,597.0,377.0,201.0,282.0,290.0,359.0,1042.0,83.0,151.0,254.0,313.0,174.0,387.0,245.0,418.0,410.0,394.0,43.0,253.0,358.0,60.0,761.0,294.0,302.0,59.0,179.0,284.0,217.0,123.0,1219.0,47.0,369.0,82.0,246.0,408.0,6144.0,347.0,324.0,84.0,341.0,206.0,226.0,483.0,61.0,171.0,533.0,420.0,398.0,227.0,315.0,271.0,458.0,272.0,163.0,117.0
existential_there_quantifiers_1,803.0,449.0,671.0,450.0,527.0,726.0,838.0,647.0,409.0,161.0,493.0,358.0,473.0,861.0,426.0,686.0,655.0,144.0,307.0,303.0,583.0,576.0,583.0,642.0,182.0,124.0,493.0,546.0,209.0,313.0,892.0,567.0,352.0,374.0,595.0,304.0,291.0,821.0,546.0,166.0,321.0,303.0,311.0,202.0,381.0,534.0,176.0,347.0,6144.0,606.0,353.0,302.0,386.0,791.0,501.0,284.0,256.0,462.0,294.0,338.0,555.0,275.0,700.0,334.0,295.0,478.0,501.0
irregular_past_participle_adjectives,986.0,391.0,613.0,238.0,463.0,998.0,990.0,362.0,414.0,366.0,433.0,343.0,326.0,634.0,397.0,138.0,758.0,168.0,316.0,339.0,572.0,679.0,439.0,731.0,242.0,352.0,212.0,469.0,438.0,288.0,803.0,343.0,337.0,399.0,580.0,443.0,295.0,905.0,438.0,162.0,359.0,353.0,285.0,450.0,396.0,568.0,118.0,324.0,606.0,6144.0,334.0,307.0,435.0,547.0,473.0,288.0,245.0,275.0,286.0,404.0,524.0,521.0,292.0,331.0,334.0,237.0,476.0
determiner_noun_agreement_irregular_2,1020.0,62.0,586.0,941.0,1014.0,918.0,916.0,346.0,1445.0,859.0,182.0,4530.0,136.0,253.0,375.0,650.0,661.0,1129.0,131.0,4764.0,977.0,696.0,366.0,855.0,836.0,733.0,622.0,269.0,522.0,4067.0,391.0,324.0,4779.0,102.0,356.0,322.0,4368.0,997.0,386.0,1537.0,634.0,68.0,4050.0,804.0,505.0,369.0,788.0,84.0,353.0,334.0,6144.0,1033.0,853.0,463.0,131.0,4354.0,1118.0,340.0,291.0,412.0,349.0,735.0,478.0,231.0,350.0,711.0,1099.0
principle_A_reconstruction,360.0,236.0,420.0,469.0,452.0,364.0,341.0,186.0,833.0,609.0,292.0,1029.0,285.0,223.0,505.0,493.0,417.0,666.0,386.0,955.0,530.0,304.0,260.0,451.0,2227.0,534.0,1014.0,321.0,348.0,1037.0,328.0,211.0,1071.0,310.0,335.0,423.0,1051.0,416.0,230.0,552.0,263.0,391.0,1010.0,263.0,279.0,300.0,495.0,341.0,302.0,307.0,1033.0,6144.0,340.0,372.0,333.0,1031.0,710.0,442.0,357.0,372.0,246.0,232.0,385.0,300.0,200.0,449.0,417.0
causative,953.0,240.0,299.0,310.0,1103.0,909.0,899.0,508.0,605.0,386.0,461.0,915.0,350.0,539.0,352.0,573.0,616.0,312.0,267.0,810.0,670.0,1072.0,341.0,702.0,323.0,345.0,416.0,477.0,340.0,815.0,383.0,466.0,897.0,220.0,369.0,369.0,750.0,860.0,383.0,455.0,656.0,248.0,812.0,429.0,518.0,368.0,326.0,206.0,386.0,435.0,853.0,340.0,6144.0,340.0,310.0,771.0,485.0,257.0,272.0,549.0,396.0,775.0,388.0,288.0,429.0,361.0,765.0
existential_there_object_raising,929.0,250.0,3361.0,337.0,799.0,897.0,1014.0,575.0,681.0,172.0,401.0,465.0,307.0,710.0,544.0,624.0,1203.0,173.0,218.0,433.0,888.0,732.0,919.0,977.0,234.0,149.0,452.0,517.0,158.0,419.0,1553.0,520.0,479.0,219.0,613.0,308.0,416.0,1019.0,904.0,233.0,543.0,175.0,428.0,112.0,538.0,376.0,195.0,226.0,791.0,547.0,463.0,372.0,340.0,6144.0,378.0,411.0,185.0,297.0,372.0,463.0,914.0,164.0,577.0,280.0,377.0,794.0,658.0
superlative_quantifiers_1,311.0,480.0,381.0,318.0,285.0,367.0,414.0,285.0,269.0,299.0,489.0,126.0,442.0,462.0,465.0,367.0,467.0,235.0,385.0,151.0,372.0,386.0,326.0,438.0,313.0,283.0,295.0,513.0,398.0,101.0,343.0,268.0,106.0,428.0,405.0,268.0,144.0,375.0,306.0,198.0,119.0,450.0,109.0,256.0,207.0,324.0,175.0,483.0,501.0,473.0,131.0,333.0,310.0,378.0,6144.0,139.0,223.0,589.0,332.0,380.0,318.0,303.0,340.0,386.0,364.0,182.0,245.0
determiner_noun_agreement_2,966.0,41.0,544.0,934.0,1047.0,843.0,828.0,316.0,1420.0,890.0,149.0,4076.0,80.0,176.0,357.0,595.0,657.0,1188.0,110.0,4560.0,976.0,666.0,327.0,823.0,844.0,771.0,605.0,229.0,542.0,4991.0,342.0,314.0,4174.0,79.0,364.0,306.0,5687.0,891.0,363.0,1753.0,660.0,52.0,5005.0,854.0,548.0,329.0,766.0,61.0,284.0,288.0,4354.0,1031.0,771.0,411.0,139.0,6144.0,1236.0,254.0,289.0,481.0,313.0,760.0,495.0,222.0,310.0,768.0,1032.0
tough_vs_raising_1,383.0,175.0,268.0,493.0,549.0,375.0,352.0,252.0,758.0,1300.0,207.0,1110.0,178.0,213.0,306.0,299.0,415.0,520.0,217.0,1175.0,353.0,491.0,209.0,345.0,457.0,1146.0,310.0,207.0,669.0,1236.0,75.0,271.0,1118.0,159.0,234.0,485.0,1262.0,386.0,196.0,1025.0,401.0,166.0,1214.0,1018.0,433.0,285.0,517.0,171.0,256.0,245.0,1118.0,710.0,485.0,185.0,223.0,1236.0,6144.0,290.0,306.0,302.0,1.0,882.0,322.0,274.0,259.0,350.0,589.0
anaphor_gender_agreement,611.0,467.0,404.0,719.0,259.0,564.0,574.0,350.0,289.0,316.0,325.0,342.0,797.0,556.0,306.0,863.0,323.0,628.0,522.0,302.0,424.0,471.0,368.0,442.0,470.0,252.0,522.0,329.0,484.0,251.0,334.0,344.0,309.0,496.0,351.0,353.0,258.0,548.0,344.0,470.0,207.0,586.0,255.0,383.0,452.0,602.0,279.0,533.0,462.0,275.0,340.0,442.0,257.0,297.0,589.0,254.0,290.0,6144.0,269.0,165.0,283.0,266.0,266.0,366.0,217.0,211.0,1492.0
coordinate_structure_constraint_complex_left_branch,332.0,407.0,385.0,290.0,302.0,327.0,346.0,351.0,241.0,352.0,324.0,276.0,280.0,346.0,379.0,336.0,340.0,211.0,547.0,275.0,402.0,349.0,419.0,412.0,216.0,375.0,293.0,317.0,242.0,275.0,380.0,353.0,283.0,657.0,312.0,330.0,297.0,325.0,380.0,217.0,323.0,471.0,291.0,253.0,319.0,363.0,467.0,420.0,294.0,286.0,291.0,357.0,272.0,372.0,332.0,289.0,306.0,269.0,6144.0,260.0,381.0,297.0,374.0,2368.0,297.0,382.0,289.0
principle_A_c_command,802.0,343.0,408.0,272.0,692.0,798.0,706.0,417.0,651.0,275.0,382.0,459.0,259.0,286.0,286.0,261.0,627.0,378.0,420.0,432.0,1104.0,573.0,417.0,878.0,402.0,226.0,450.0,387.0,353.0,492.0,448.0,346.0,461.0,325.0,363.0,317.0,482.0,436.0,434.0,456.0,1421.0,337.0,519.0,267.0,1149.0,155.0,505.0,398.0,338.0,404.0,412.0,372.0,549.0,463.0,380.0,481.0,302.0,165.0,260.0,6144.0,388.0,333.0,326.0,296.0,282.0,463.0,1022.0
tough_vs_raising_2,698.0,332.0,850.0,301.0,486.0,760.0,747.0,524.0,351.0,133.0,495.0,343.0,330.0,626.0,509.0,463.0,504.0,235.0,249.0,349.0,735.0,405.0,770.0,761.0,212.0,151.0,362.0,556.0,251.0,283.0,1406.0,464.0,343.0,292.0,515.0,363.0,309.0,693.0,779.0,171.0,420.0,224.0,286.0,234.0,352.0,430.0,173.0,227.0,555.0,524.0,349.0,246.0,396.0,914.0,318.0,313.0,1.0,283.0,381.0,388.0,6144.0,240.0,444.0,331.0,330.0,590.0,435.0
inchoative,427.0,350.0,181.0,233.0,204.0,420.0,418.0,108.0,269.0,1057.0,309.0,708.0,241.0,314.0,354.0,132.0,174.0,370.0,346.0,767.0,314.0,375.0,189.0,338.0,416.0,906.0,84.0,278.0,1624.0,730.0,336.0,94.0,691.0,396.0,454.0,419.0,760.0,373.0,164.0,809.0,501.0,373.0,721.0,3279.0,403.0,385.0,330.0,315.0,275.0,521.0,735.0,232.0,775.0,164.0,303.0,760.0,882.0,266.0,297.0,333.0,240.0,6144.0,309.0,376.0,232.0,350.0,472.0
sentential_negation_npi_licensor_present,541.0,313.0,690.0,313.0,600.0,555.0,657.0,524.0,635.0,162.0,352.0,499.0,296.0,415.0,528.0,525.0,676.0,206.0,270.0,418.0,727.0,458.0,676.0,723.0,251.0,149.0,481.0,397.0,226.0,510.0,487.0,482.0,527.0,305.0,666.0,389.0,524.0,707.0,693.0,309.0,320.0,231.0,490.0,213.0,330.0,380.0,286.0,271.0,700.0,292.0,478.0,385.0,388.0,577.0,340.0,495.0,322.0,266.0,374.0,326.0,444.0,309.0,6144.0,359.0,76.0,1840.0,497.0
left_branch_island_simple_question,253.0,652.0,306.0,370.0,294.0,251.0,261.0,348.0,250.0,327.0,353.0,227.0,451.0,365.0,305.0,355.0,261.0,317.0,835.0,222.0,273.0,302.0,298.0,285.0,308.0,327.0,302.0,356.0,370.0,218.0,257.0,306.0,231.0,1669.0,333.0,265.0,224.0,261.0,287.0,277.0,273.0,296.0,231.0,353.0,241.0,335.0,465.0,458.0,334.0,331.0,231.0,300.0,288.0,280.0,386.0,222.0,274.0,366.0,2368.0,296.0,331.0,376.0,359.0,6144.0,282.0,320.0,195.0
superlative_quantifiers_2,450.0,309.0,354.0,416.0,485.0,403.0,412.0,580.0,273.0,157.0,400.0,291.0,276.0,338.0,129.0,561.0,313.0,206.0,270.0,312.0,460.0,360.0,623.0,322.0,201.0,152.0,434.0,380.0,201.0,299.0,392.0,632.0,325.0,302.0,209.0,354.0,288.0,432.0,645.0,235.0,210.0,256.0,314.0,226.0,263.0,284.0,217.0,272.0,295.0,334.0,350.0,200.0,429.0,377.0,364.0,310.0,259.0,217.0,297.0,282.0,330.0,232.0,76.0,282.0,6144.0,205.0,256.0
sentential_negation_npi_scope,593.0,143.0,1007.0,370.0,633.0,560.0,679.0,459.0,731.0,144.0,365.0,755.0,160.0,335.0,528.0,493.0,716.0,270.0,173.0,665.0,1144.0,451.0,737.0,906.0,269.0,141.0,423.0,450.0,203.0,770.0,637.0,416.0,757.0,167.0,486.0,427.0,791.0,745.0,739.0,355.0,393.0,142.0,757.0,281.0,458.0,429.0,305.0,163.0,478.0,237.0,711.0,449.0,361.0,794.0,182.0,768.0,350.0,211.0,382.0,463.0,590.0,350.0,1840.0,320.0,205.0,6144.0,622.0
anaphor_number_agreement,1520.0,96.0,720.0,416.0,708.0,1360.0,1492.0,347.0,927.0,390.0,218.0,1271.0,342.0,469.0,482.0,772.0,884.0,488.0,174.0,996.0,1443.0,1106.0,403.0,1331.0,278.0,313.0,414.0,260.0,285.0,1092.0,609.0,292.0,1209.0,113.0,525.0,353.0,1037.0,1398.0,408.0,491.0,1570.0,89.0,1114.0,409.0,1553.0,467.0,396.0,117.0,501.0,476.0,1099.0,417.0,765.0,658.0,245.0,1032.0,589.0,1492.0,289.0,1022.0,435.0,472.0,497.0,195.0,256.0,622.0,6144.0
